1
3
5
7
9
11
13
15
17
19
0
2
4
6
8
10
12
1
3
5
7
1
3
5
7
9
11
13
15
17
19
14
16
1
3
5
7
9
1
18
20
22
24
26
28
30
32
34
36
1
38
1
1
3
5
7
9
11
13
15
17
19
40
42
44
46
48
50
52
54
56
58
60
1
3
5
7
9
1
3
62
64
66
68
70
72
74
76
78
80
82
84
86
88
90
92
94
96
98
100
1
3
5
7
102
104
106
108
110
1
3
5
7
9
11
112
114
116
118
120
122
1
3
5
7
9
11
13
15
17
19
1
3
5
7
9
11
13
124
126
128
130
132
134
136
1
3
5
7
9
11
13
15
17
1
3
5
7
9
11
13
1
3
5
7
9
11
13
15
138
1
3
5
7
9
11
13
15
17
140
1
3
5
7
9
11
13
15
17
142
144
146
148
150
152
154
156
158
160
1
3
1
3
5
7
9
11
162
164
166
168
170
172
174
176
1
3
178
180
182
184
1
3
5
7
9
11
13
1
3
5
7
9
11
13
1
3
5
7
9
11
13
15
17
186
188
190
192
194
196
198
200
202
204
206
208
210
212
214
216
1
218
220
222
224
226
228
230
232
234
236
238
240
242
244
246
248
250
252
254
256
258
260
262
264
266
268
270
272
274
276
278
280
1
3
282
284
1
3
5
7
9
11
1
3
1
3
5
7
9
11
1
3
5
7
9
11
13
15
17
1
286
288
290
292
1
3
1
3
5
7
9
11
13
15
1
3
1
3
5
7
9
11
13
15
17
19
294
296
298
300
302
304
306
308
310
1
3
5
7
9
1
3
312
314
316
318
320
322
324
326
1
3
5
7
9
11
13
15
17
1
3
5
7
9
11
13
1
3
5
7
9
11
328
330
332
334
336
338
340
1
3
5
7
9
11
13
15
17
1
3
5
342
344
346
348
350
352
354
356
358
360
362
364
366
368
370
372
374
1
3
5
7
9
11
13
376
378
380
1
3
5
7
9
11
13
382
384
386
388
390
392
394
396
398
1
3
5
7
9
11
1
3
5
7
9
11
1
3
5
7
9
11
13
400
402
404
406
408
410
412
1
3
5
7
9
11
13
1
3
5
7
9
11
13
15
414
416
418
420
422
424
426
428
430
432
434
436
438
440
1
3
5
442
444
446
448
450
452
454
456
458
460
1
3
462
464
466
468
470
472
474
476
478
480
482
484
486
488
490
492
494
496
498
500
502
504
506
508
510
512
514
516
518
520
522
524
526
528
530
532
534
536
1
3
5
7
9
11
13
